20.66252   19.836018  22.315521  24.795023  18.183016  20.66252
 18.183016  26.448025  25.621523  23.142021  22.315521  19.009518
 22.315521  18.183016  18.183016  20.66252   14.877013  19.836018
  9.918009  18.183016  13.224012  14.050513   5.7855053  7.4385066
  9.091508  23.142021  23.968521  12.3975115 14.050513  17.356516
 35.53953   65.29356   38.845535  47.937042  49.590046  28.927526
 23.968521  16.530016  14.877013  26.448025  13.224012  18.183016
 13.224012   9.918009  21.48902   34.71303   28.927526  25.621523
 18.183016  20.66252   14.050513   5.7855053 16.530016  13.224012
 12.3975115 27.274525  19.009518  13.224012  20.66252   15.703514
 18.183016  12.3975115 14.050513  26.448025  21.48902   17.356516
 19.009518  14.050513  13.224012   9.918009  12.3975115 18.183016
 16.530016  18.183016  13.224012  12.3975115 17.356516   9.091508
  9.918009   9.918009  11.571011  14.050513   8.265008   5.7855053
 11.571011  11.571011  17.356516  13.224012  14.050513  14.877013
 15.703514  11.571011  14.877013  15.703514  14.877013  14.050513
 11.571011  10.74451    9.918009   9.091508  12.3975115  8.265008
 10.74451   13.224012  13.224012  13.224012  11.571011  14.877013
 14.877013  11.571011   8.265008   9.918009  10.74451   17.356516
 14.050513  20.66252    9.918009   8.265008  16.530016  11.571011
 14.877013   8.265008  18.183016  12.3975115 12.3975115 14.050513
 16.530016  12.3975115  9.091508   9.091508  12.3975115  9.091508
 10.74451   13.224012   9.091508  14.050513  11.571011  13.224012
 12.3975115 19.009518  12.3975115  6.612006  10.74451   10.74451
 13.224012  15.703514  14.877013  12.3975115 14.050513  10.74451
 11.571011  10.74451   12.3975115 11.571011   8.265008  19.009518
 10.74451   10.74451   12.3975115 10.74451   10.74451    9.091508
  8.265008  17.356516  14.877013  19.009518   9.918009   9.918009
 13.224012  10.74451   14.877013  14.050513   8.265008   9.091508
 15.703514  12.3975115 10.74451   12.3975115  8.265008  15.703514
  7.4385066 16.530016  10.74451    9.091508  11.571011  11.571011
 15.703514   4.9590044 14.050513  11.571011  13.224012   8.265008
  9.918009  12.3975115 11.571011  10.74451    9.091508  10.74451
  8.265008  14.050513   9.091508  14.877013  17.356516  10.74451
 11.571011  14.050513  10.74451   10.74451   14.877013   6.612006
 12.3975115 11.571011   7.4385066 14.877013  14.877013  12.3975115
  9.091508   9.091508  14.877013  12.3975115 13.224012  19.009518
  9.091508   9.918009  15.703514  11.571011   7.4385066 13.224012
  6.612006   9.918009   4.9590044 10.74451    9.918009  10.74451
 16.530016  13.224012  16.530016  15.703514  14.050513  13.224012
  9.918009  12.3975115 10.74451    9.918009   8.265008  14.050513
 10.74451   11.571011   9.091508   8.265008  12.3975115  8.265008
 11.571011  13.224012   9.918009  16.530016  15.703514  11.571011
 19.836018   8.265008  12.3975115  9.918009  14.050513   9.918009
 14.877013  10.74451   14.050513  14.050513  10.74451   12.3975115
 19.009518  11.571011   8.265008   6.612006  14.050513  10.74451
  8.265008  14.050513  11.571011  14.877013  11.571011   7.4385066
  7.4385066 15.703514   7.4385066 12.3975115 16.530016  15.703514
 13.224012  18.183016  12.3975115 14.877013   9.918009  14.050513
 14.877013  12.3975115  9.918009  13.224012  10.74451   11.571011
 14.050513  14.877013  15.703514  10.74451   14.050513  10.74451
  9.091508  11.571011  12.3975115 12.3975115 15.703514  11.571011
  9.918009  13.224012  16.530016  11.571011   7.4385066 13.224012
 13.224012   7.4385066 14.050513  11.571011  11.571011  16.530016
 14.877013  17.356516  16.530016  16.530016  10.74451   13.224012
 10.74451    9.918009   9.918009  15.703514  17.356516   7.4385066
 11.571011  12.3975115 16.530016  16.530016   9.918009  14.050513
 17.356516   7.4385066 12.3975115  8.265008  11.571011  18.183016
 16.530016  14.050513   7.4385066 10.74451   11.571011   4.9590044
 16.530016   9.091508  13.224012  14.050513   9.091508  11.571011
 13.224012  11.571011  13.224012  18.183016   9.918009  14.877013
 17.356516  10.74451   18.183016  10.74451    9.091508   9.918009
 14.877013   8.265008  14.050513  11.571011   9.091508   9.918009
 17.356516  14.877013  10.74451   12.3975115  8.265008  10.74451
 14.877013  15.703514   5.7855053  6.612006  10.74451    9.091508
 14.050513  19.836018   9.918009  11.571011   7.4385066 13.224012
  8.265008   9.918009  10.74451   10.74451   14.050513   4.9590044
 10.74451   11.571011  11.571011   7.4385066  8.265008  19.009518
 14.050513  10.74451    9.918009  12.3975115 10.74451   13.224012
 14.877013   8.265008  13.224012  13.224012  14.877013   7.4385066
 11.571011  12.3975115  9.918009   9.918009  13.224012  12.3975115
 12.3975115 14.050513  11.571011  14.050513   9.091508  12.3975115
 10.74451   16.530016   9.091508   7.4385066 14.050513  11.571011
 14.877013  14.877013  12.3975115  7.4385066 11.571011  14.050513
  9.918009   7.4385066 13.224012  19.009518   9.918009   9.918009
 12.3975115  8.265008  12.3975115 14.877013  15.703514   8.265008
  9.918009  19.836018   8.265008   5.7855053 15.703514  12.3975115
  9.918009  10.74451   14.877013  17.356516  10.74451   14.050513
  8.265008  13.224012  11.571011   7.4385066 10.74451   12.3975115
 14.050513  17.356516  18.183016  10.74451   11.571011  10.74451
  6.612006  14.050513  11.571011  17.356516  10.74451   16.530016
 14.050513   7.4385066 12.3975115 14.877013  12.3975115 11.571011
  9.918009  14.050513  15.703514   7.4385066 15.703514  16.530016
 10.74451   16.530016  15.703514  12.3975115 15.703514  16.530016
  8.265008  12.3975115 19.009518   9.918009   6.612006   9.918009
 10.74451   13.224012  17.356516   9.918009  12.3975115  9.918009
 11.571011  11.571011  15.703514  14.050513  10.74451   10.74451
 10.74451   11.571011   9.918009  12.3975115 12.3975115  8.265008
 12.3975115 11.571011   9.918009   8.265008  15.703514   9.918009
 14.050513  12.3975115  8.265008  14.050513  17.356516  14.877013
  9.918009  18.183016   5.7855053 12.3975115  9.918009  15.703514
  9.918009  11.571011  12.3975115  9.091508  13.224012  16.530016
 11.571011   8.265008   9.918009  11.571011  10.74451    7.4385066
 10.74451    9.091508  11.571011  15.703514  10.74451   14.050513
  8.265008  14.050513  14.050513  15.703514  12.3975115 12.3975115
 10.74451    5.7855053 12.3975115 14.877013  10.74451   14.050513
 13.224012  10.74451    9.918009   9.091508  13.224012  13.224012
 12.3975115 11.571011   7.4385066 14.050513  11.571011  10.74451
 14.877013  14.050513   6.612006  14.050513  14.050513  12.3975115
 13.224012  14.050513  10.74451    7.4385066 14.877013  13.224012
 10.74451   20.66252   14.877013  11.571011  14.877013  14.050513
 12.3975115 15.703514   8.265008  11.571011  12.3975115  7.4385066
 11.571011  17.356516  12.3975115 11.571011  12.3975115 14.877013
 14.050513  12.3975115  8.265008  14.050513  10.74451   11.571011
 17.356516  10.74451    7.4385066  7.4385066 12.3975115 10.74451
  9.091508  13.224012   9.918009  12.3975115 18.183016  13.224012
 15.703514   8.265008  14.877013  13.224012  10.74451   14.050513
  8.265008  14.877013  12.3975115 13.224012  14.877013   7.4385066
 18.183016  20.66252   10.74451    9.918009  13.224012  14.050513
 12.3975115 11.571011  12.3975115 10.74451    7.4385066  9.918009
 14.877013   5.7855053 13.224012  16.530016   9.091508   8.265008
 12.3975115 12.3975115 13.224012  14.877013  12.3975115 15.703514
 11.571011  10.74451    9.918009  13.224012  15.703514  12.3975115
 15.703514   9.918009   9.091508  12.3975115 11.571011  13.224012
 12.3975115  9.091508  13.224012  12.3975115  4.9590044 18.183016
 13.224012  14.877013   9.918009  11.571011   9.918009  14.050513
 12.3975115 10.74451   13.224012  16.530016   9.918009   6.612006
 14.877013  11.571011   7.4385066 13.224012   8.265008   5.7855053
  7.4385066 10.74451   10.74451    9.091508  11.571011  13.224012
 15.703514   7.4385066 18.183016   8.265008  17.356516   9.091508
  7.4385066 11.571011  14.050513   9.918009  15.703514   8.265008
 11.571011  16.530016   7.4385066 11.571011  11.571011   9.918009
 12.3975115 14.050513   8.265008  12.3975115  8.265008  12.3975115
  6.612006  10.74451   10.74451   14.050513   5.7855053 14.050513
  9.091508   2.4795022  9.918009  12.3975115 17.356516   9.918009
  7.4385066 15.703514  16.530016  10.74451    9.091508  12.3975115
 12.3975115 10.74451   12.3975115 11.571011  19.009518  13.224012
 10.74451   14.877013   8.265008  10.74451    6.612006  16.530016
 11.571011   8.265008  16.530016  14.050513   9.091508   9.918009
 10.74451    9.918009  18.183016  14.050513  11.571011   9.091508
 10.74451   12.3975115 19.009518  13.224012  12.3975115 14.877013
 20.66252   13.224012   9.918009   4.9590044 15.703514  12.3975115
 14.877013   6.612006  14.877013  13.224012  14.050513  13.224012
  6.612006  13.224012  16.530016   8.265008  12.3975115 11.571011
 15.703514  15.703514   9.918009  11.571011  10.74451   17.356516
  9.918009  16.530016  14.050513  10.74451    6.612006  11.571011
  6.612006  10.74451    8.265008   9.918009  19.836018  10.74451
  7.4385066  9.091508  12.3975115  9.091508  14.050513  14.050513
 14.877013   7.4385066  8.265008   9.918009  12.3975115  7.4385066
  7.4385066 14.877013  14.050513   8.265008   9.091508   8.265008
 14.877013  21.48902   13.224012  13.224012  12.3975115 12.3975115
  4.9590044  9.091508  20.66252   16.530016  10.74451    9.091508
 11.571011  12.3975115 14.877013   8.265008   9.091508   8.265008
  9.918009  15.703514  14.050513  11.571011   8.265008  11.571011
 14.050513   9.918009  19.836018   4.132504  11.571011  10.74451
  9.918009  14.050513  13.224012   8.265008  17.356516   9.091508
 16.530016   7.4385066  8.265008  13.224012   9.091508   7.4385066
  7.4385066  9.091508   7.4385066 15.703514   9.918009  13.224012
  9.918009  11.571011  11.571011  12.3975115  9.918009   9.918009
  9.918009  13.224012  14.877013  11.571011   6.612006  15.703514
 18.183016   9.918009   5.7855053 17.356516   9.918009  14.877013
  9.091508  18.183016   9.918009  10.74451   14.877013  11.571011
 16.530016   8.265008  14.877013   8.265008  14.050513   9.091508
 11.571011   9.918009  13.224012  11.571011  15.703514  14.877013
 15.703514  12.3975115 14.877013   9.918009  15.703514  19.009518
 19.836018  19.009518  10.74451   19.836018  14.877013  19.836018
 11.571011   9.918009   8.265008  15.703514  13.224012  14.877013
 13.224012  14.877013  13.224012  13.224012  14.050513  14.877013
 14.877013  10.74451    5.7855053 10.74451    7.4385066 11.571011
 14.877013   9.091508  10.74451   13.224012  11.571011  11.571011
  6.612006  19.836018  12.3975115 14.877013   8.265008  14.050513
 14.050513  16.530016   9.918009   9.091508   9.091508  11.571011
  9.091508  13.224012   8.265008  17.356516  11.571011   9.918009
  9.091508  11.571011   8.265008   3.306003   9.091508  13.224012
 16.530016   9.091508  12.3975115 13.224012  14.877013  10.74451
 11.571011  18.183016  15.703514  15.703514  14.050513   4.9590044
  4.9590044  9.918009  18.183016  16.530016  13.224012  12.3975115
  9.091508   9.918009  16.530016  11.571011  10.74451   12.3975115
 11.571011  11.571011  14.050513  15.703514   9.091508  15.703514
 14.050513  13.224012  14.877013   6.612006  16.530016  16.530016
 12.3975115  9.918009  14.877013  16.530016  11.571011  14.877013
 14.877013   9.918009  14.050513  19.836018  11.571011  12.3975115
 12.3975115 18.183016  13.224012   9.091508  18.183016  14.877013
 17.356516  12.3975115 12.3975115 12.3975115  8.265008  12.3975115
 15.703514  14.877013  11.571011  14.877013   9.918009  11.571011
 17.356516   9.918009   9.091508  16.530016  13.224012   4.9590044