7.48094009e+08 7.48094109e+08 7.48094209e+08 7.48094309e+08
 7.48094409e+08 7.48094509e+08 7.48094609e+08 7.48094709e+08
 7.48094809e+08 7.48094909e+08 7.48095009e+08 7.48095109e+08
 7.48095209e+08 7.48095309e+08 7.48095409e+08 7.48095509e+08
 7.48095609e+08 7.48095709e+08 7.48095809e+08 7.48095909e+08
 7.48096009e+08 7.48096109e+08 7.48096209e+08 7.48096309e+08
 7.48096409e+08 7.48096509e+08 7.48096609e+08 7.48096709e+08
 7.48096809e+08 7.48096909e+08 7.48097009e+08 7.48097109e+08
 7.48097209e+08 7.48097309e+08 7.48097409e+08 7.48097509e+08
 7.48097609e+08 7.48097709e+08 7.48097809e+08 7.48097909e+08
 7.48098009e+08 7.48098109e+08 7.48098209e+08 7.48098309e+08
 7.48098409e+08 7.48098509e+08 7.48098609e+08 7.48098709e+08
 7.48098809e+08 7.48098909e+08 7.48099009e+08 7.48099109e+08
 7.48099209e+08 7.48099309e+08 7.48099409e+08 7.48099509e+08
 7.48099609e+08 7.48099709e+08 7.48099809e+08 7.48099909e+08
 7.48100009e+08 7.48100109e+08 7.48100209e+08 7.48100309e+08
 7.48100409e+08 7.48100509e+08 7.48100609e+08 7.48100709e+08
 7.48100809e+08 7.48100909e+08 7.48101009e+08 7.48101109e+08
 7.48101209e+08 7.48101309e+08 7.48101409e+08 7.48101509e+08
 7.48101609e+08 7.48101709e+08 7.48101809e+08 7.48101909e+08
 7.48102009e+08 7.48102109e+08 7.48102209e+08 7.48102309e+08