7.8754663 8.675457  8.2487955 8.65768   8.337684  7.928799  7.6976905
 7.8399115 7.804356  8.159907  8.07102   7.804356  6.773257  6.6310363
 6.3288174 6.3999276 6.4888153 7.093253  8.017687  8.195463  7.0754757
 7.7510233 7.733246  6.506593  6.666591  6.2754846 6.115486  5.4399385
 5.1021643 5.1377196 4.62217   4.69328   5.084387  5.6710467 6.5777035
 6.168819  6.4354825 6.3999276 6.133264  6.3999276 5.333273  5.0132766
 5.511049  5.27994   5.3154955 5.3154955 5.20883   5.2266073 5.635492
 5.511049  4.9421663 5.1377196 4.8355007 5.6177144 4.9421663 4.9421663
 5.582159  4.871056  5.27994   4.977721  4.3021736 4.924389  4.959944
 4.533282  5.2266073 5.3688283 5.9732656 4.995499  4.782168  4.8355007
 4.4621716 4.5866146 4.5510597 4.4621716 5.404383  4.568837  5.2443852
 5.0666094 5.0132766 5.2977176 4.977721  5.404383  4.533282  2.6666365