7.48105764e+08 7.48105864e+08 7.48105964e+08 7.48106064e+08
 7.48106164e+08 7.48106264e+08 7.48106364e+08 7.48106464e+08
 7.48106564e+08 7.48106664e+08 7.48106764e+08 7.48106864e+08
 7.48106964e+08 7.48107064e+08 7.48107164e+08 7.48107264e+08
 7.48107364e+08 7.48107464e+08 7.48107564e+08 7.48107664e+08
 7.48107764e+08 7.48107864e+08 7.48107964e+08 7.48108064e+08
 7.48108164e+08 7.48108264e+08 7.48108364e+08 7.48108464e+08
 7.48108564e+08 7.48108664e+08 7.48108764e+08 7.48108864e+08
 7.48108964e+08 7.48109064e+08 7.48109164e+08 7.48109264e+08
 7.48109364e+08 7.48109464e+08 7.48109564e+08 7.48109664e+08
 7.48109764e+08 7.48109864e+08 7.48109964e+08 7.48110064e+08
 7.48110164e+08 7.48110264e+08 7.48110364e+08 7.48110464e+08
 7.48110564e+08 7.48110664e+08 7.48110764e+08 7.48110864e+08
 7.48110964e+08 7.48111064e+08 7.48111164e+08 7.48111264e+08
 7.48111364e+08 7.48111464e+08 7.48111564e+08 7.48111664e+08
 7.48111764e+08 7.48111864e+08 7.48111964e+08 7.48112064e+08
 7.48112164e+08 7.48112264e+08 7.48112364e+08 7.48112464e+08
 7.48112564e+08 7.48112664e+08 7.48112764e+08 7.48112864e+08
 7.48112964e+08 7.48113064e+08 7.48113164e+08 7.48113264e+08
 7.48113364e+08 7.48113464e+08 7.48113564e+08 7.48113664e+08
 7.48113764e+08 7.48113864e+08 7.48113964e+08 7.48114064e+08
 7.48114164e+08 7.48114264e+08 7.48114364e+08 7.48114464e+08
 7.48114564e+08 7.48114664e+08 7.48114764e+08 7.48114864e+08
 7.48114964e+08 7.48115064e+08 7.48115164e+08 7.48115264e+08
 7.48115364e+08 7.48115464e+08 7.48115564e+08 7.48115664e+08
 7.48115764e+08 7.48115864e+08 7.48115964e+08 7.48116064e+08
 7.48116164e+08 7.48116264e+08 7.48116364e+08 7.48116464e+08
 7.48116564e+08 7.48116664e+08 7.48116764e+08 7.48116864e+08
 7.48116964e+08 7.48117064e+08 7.48117164e+08 7.48117264e+08
 7.48117364e+08 7.48117464e+08 7.48117564e+08 7.48117664e+08
 7.48117764e+08 7.48117864e+08 7.48117964e+08 7.48118064e+08
 7.48118164e+08 7.48118264e+08 7.48118364e+08 7.48118464e+08
 7.48118564e+08 7.48118664e+08 7.48118764e+08 7.48118864e+08
 7.48118964e+08 7.48119064e+08 7.48119164e+08 7.48119264e+08
 7.48119364e+08 7.48119464e+08 7.48119564e+08 7.48119664e+08
 7.48119764e+08 7.48119864e+08 7.48119964e+08 7.48120064e+08
 7.48120164e+08 7.48120264e+08 7.48120364e+08 7.48120464e+08
 7.48120564e+08 7.48120664e+08 7.48120764e+08 7.48120864e+08
 7.48120964e+08 7.48121064e+08 7.48121164e+08 7.48121264e+08
 7.48121364e+08 7.48121464e+08 7.48121564e+08 7.48121664e+08
 7.48121764e+08 7.48121864e+08 7.48121964e+08 7.48122064e+08
 7.48122164e+08 7.48122264e+08 7.48122364e+08 7.48122464e+08
 7.48122564e+08 7.48122664e+08 7.48122764e+08 7.48122864e+08
 7.48122964e+08 7.48123064e+08 7.48123164e+08 7.48123264e+08
 7.48123364e+08 7.48123464e+08 7.48123564e+08 7.48123664e+08
 7.48123764e+08 7.48123864e+08 7.48123964e+08 7.48124064e+08
 7.48124164e+08 7.48124264e+08 7.48124364e+08 7.48124464e+08
 7.48124564e+08 7.48124664e+08 7.48124764e+08 7.48124864e+08
 7.48124964e+08 7.48125064e+08 7.48125164e+08 7.48125264e+08
 7.48125364e+08 7.48125464e+08 7.48125564e+08 7.48125664e+08
 7.48125764e+08 7.48125864e+08 7.48125964e+08 7.48126064e+08
 7.48126164e+08 7.48126264e+08 7.48126364e+08 7.48126464e+08
 7.48126564e+08 7.48126664e+08 7.48126764e+08 7.48126864e+08
 7.48126964e+08 7.48127064e+08 7.48127164e+08 7.48127264e+08
 7.48127364e+08 7.48127464e+08 7.48127564e+08 7.48127664e+08
 7.48127764e+08 7.48127864e+08 7.48127964e+08 7.48128064e+08
 7.48128164e+08 7.48128264e+08 7.48128364e+08 7.48128464e+08
 7.48128564e+08 7.48128664e+08 7.48128764e+08 7.48128864e+08
 7.48128964e+08 7.48129064e+08 7.48129164e+08 7.48129264e+08
 7.48129364e+08 7.48129464e+08 7.48129564e+08 7.48129664e+08
 7.48129764e+08 7.48129864e+08 7.48129964e+08 7.48130064e+08
 7.48130164e+08 7.48130264e+08 7.48130364e+08 7.48130464e+08
 7.48130564e+08 7.48130664e+08 7.48130764e+08 7.48130864e+08
 7.48130964e+08 7.48131064e+08 7.48131164e+08 7.48131264e+08
 7.48131364e+08 7.48131464e+08 7.48131564e+08 7.48131664e+08
 7.48131764e+08 7.48131864e+08 7.48131964e+08 7.48132064e+08
 7.48132164e+08 7.48132264e+08 7.48132364e+08 7.48132464e+08
 7.48132564e+08 7.48132664e+08 7.48132764e+08 7.48132864e+08
 7.48132964e+08 7.48133064e+08 7.48133164e+08 7.48133264e+08
 7.48133364e+08 7.48133464e+08 7.48133564e+08 7.48133664e+08
 7.48133764e+08 7.48133864e+08 7.48133964e+08 7.48134064e+08
 7.48134164e+08 7.48134264e+08 7.48134364e+08 7.48134464e+08
 7.48134564e+08 7.48134664e+08 7.48134764e+08 7.48134864e+08
 7.48134964e+08 7.48135064e+08 7.48135164e+08 7.48135264e+08
 7.48135364e+08 7.48135464e+08 7.48135564e+08 7.48135664e+08
 7.48135764e+08 7.48135864e+08 7.48135964e+08 7.48136064e+08
 7.48136164e+08 7.48136264e+08 7.48136364e+08 7.48136464e+08
 7.48136564e+08 7.48136664e+08 7.48136764e+08 7.48136864e+08
 7.48136964e+08 7.48137064e+08 7.48137164e+08 7.48137264e+08
 7.48137364e+08 7.48137464e+08 7.48137564e+08 7.48137664e+08
 7.48137764e+08 7.48137864e+08 7.48137964e+08 7.48138064e+08
 7.48138164e+08 7.48138264e+08 7.48138364e+08 7.48138464e+08
 7.48138564e+08 7.48138664e+08 7.48138764e+08 7.48138864e+08
 7.48138964e+08 7.48139064e+08 7.48139164e+08 7.48139264e+08
 7.48139364e+08 7.48139464e+08 7.48139564e+08 7.48139664e+08
 7.48139764e+08 7.48139864e+08 7.48139964e+08 7.48140064e+08
 7.48140164e+08 7.48140264e+08 7.48140364e+08 7.48140464e+08
 7.48140564e+08 7.48140664e+08 7.48140764e+08 7.48140864e+08
 7.48140964e+08 7.48141064e+08 7.48141164e+08 7.48141264e+08
 7.48141364e+08 7.48141464e+08 7.48141564e+08 7.48141664e+08
 7.48141764e+08 7.48141864e+08 7.48141964e+08 7.48142064e+08
 7.48142164e+08 7.48142264e+08 7.48142364e+08 7.48142464e+08
 7.48142564e+08 7.48142664e+08 7.48142764e+08 7.48142864e+08
 7.48142964e+08 7.48143064e+08 7.48143164e+08 7.48143264e+08
 7.48143364e+08 7.48143464e+08 7.48143564e+08 7.48143664e+08
 7.48143764e+08 7.48143864e+08 7.48143964e+08 7.48144064e+08
 7.48144164e+08 7.48144264e+08 7.48144364e+08 7.48144464e+08
 7.48144564e+08 7.48144664e+08 7.48144764e+08 7.48144864e+08
 7.48144964e+08 7.48145064e+08 7.48145164e+08 7.48145264e+08
 7.48145364e+08 7.48145464e+08 7.48145564e+08 7.48145664e+08
 7.48145764e+08 7.48145864e+08 7.48145964e+08 7.48146064e+08
 7.48146164e+08 7.48146264e+08 7.48146364e+08 7.48146464e+08
 7.48146564e+08 7.48146664e+08 7.48146764e+08 7.48146864e+08
 7.48146964e+08 7.48147064e+08 7.48147164e+08 7.48147264e+08
 7.48147364e+08 7.48147464e+08 7.48147564e+08 7.48147664e+08
 7.48147764e+08 7.48147864e+08 7.48147964e+08 7.48148064e+08
 7.48148164e+08 7.48148264e+08 7.48148364e+08 7.48148464e+08
 7.48148564e+08 7.48148664e+08 7.48148764e+08 7.48148864e+08
 7.48148964e+08 7.48149064e+08 7.48149164e+08 7.48149264e+08
 7.48149364e+08 7.48149464e+08 7.48149564e+08 7.48149664e+08
 7.48149764e+08 7.48149864e+08 7.48149964e+08 7.48150064e+08
 7.48150164e+08 7.48150264e+08 7.48150364e+08 7.48150464e+08
 7.48150564e+08 7.48150664e+08 7.48150764e+08 7.48150864e+08
 7.48150964e+08 7.48151064e+08 7.48151164e+08 7.48151264e+08
 7.48151364e+08 7.48151464e+08 7.48151564e+08 7.48151664e+08
 7.48151764e+08 7.48151864e+08 7.48151964e+08 7.48152064e+08
 7.48152164e+08 7.48152264e+08 7.48152364e+08 7.48152464e+08
 7.48152564e+08 7.48152664e+08 7.48152764e+08 7.48152864e+08
 7.48152964e+08 7.48153064e+08 7.48153164e+08 7.48153264e+08
 7.48153364e+08 7.48153464e+08 7.48153564e+08 7.48153664e+08
 7.48153764e+08 7.48153864e+08 7.48153964e+08 7.48154064e+08
 7.48154164e+08 7.48154264e+08 7.48154364e+08 7.48154464e+08
 7.48154564e+08 7.48154664e+08 7.48154764e+08 7.48154864e+08
 7.48154964e+08 7.48155064e+08 7.48155164e+08 7.48155264e+08
 7.48155364e+08 7.48155464e+08 7.48155564e+08 7.48155664e+08
 7.48155764e+08 7.48155864e+08 7.48155964e+08 7.48156064e+08
 7.48156164e+08 7.48156264e+08 7.48156364e+08 7.48156464e+08
 7.48156564e+08 7.48156664e+08 7.48156764e+08 7.48156864e+08
 7.48156964e+08 7.48157064e+08 7.48157164e+08 7.48157264e+08
 7.48157364e+08 7.48157464e+08 7.48157564e+08 7.48157664e+08
 7.48157764e+08 7.48157864e+08 7.48157964e+08 7.48158064e+08
 7.48158164e+08 7.48158264e+08 7.48158364e+08 7.48158464e+08
 7.48158564e+08 7.48158664e+08 7.48158764e+08 7.48158864e+08
 7.48158964e+08 7.48159064e+08 7.48159164e+08 7.48159264e+08
 7.48159364e+08 7.48159464e+08 7.48159564e+08 7.48159664e+08
 7.48159764e+08 7.48159864e+08 7.48159964e+08 7.48160064e+08
 7.48160164e+08 7.48160264e+08 7.48160364e+08 7.48160464e+08
 7.48160564e+08 7.48160664e+08 7.48160764e+08 7.48160864e+08
 7.48160964e+08 7.48161064e+08 7.48161164e+08 7.48161264e+08
 7.48161364e+08 7.48161464e+08 7.48161564e+08 7.48161664e+08
 7.48161764e+08 7.48161864e+08 7.48161964e+08 7.48162064e+08
 7.48162164e+08 7.48162264e+08 7.48162364e+08 7.48162464e+08
 7.48162564e+08 7.48162664e+08 7.48162764e+08 7.48162864e+08
 7.48162964e+08 7.48163064e+08 7.48163164e+08 7.48163264e+08
 7.48163364e+08 7.48163464e+08 7.48163564e+08 7.48163664e+08
 7.48163764e+08 7.48163864e+08 7.48163964e+08 7.48164064e+08
 7.48164164e+08 7.48164264e+08 7.48164364e+08 7.48164464e+08
 7.48164564e+08 7.48164664e+08 7.48164764e+08 7.48164864e+08
 7.48164964e+08 7.48165064e+08 7.48165164e+08 7.48165264e+08
 7.48165364e+08 7.48165464e+08 7.48165564e+08 7.48165664e+08
 7.48165764e+08 7.48165864e+08 7.48165964e+08 7.48166064e+08
 7.48166164e+08 7.48166264e+08 7.48166364e+08 7.48166464e+08
 7.48166564e+08 7.48166664e+08 7.48166764e+08 7.48166864e+08
 7.48166964e+08 7.48167064e+08 7.48167164e+08 7.48167264e+08
 7.48167364e+08 7.48167464e+08 7.48167564e+08 7.48167664e+08
 7.48167764e+08 7.48167864e+08 7.48167964e+08 7.48168064e+08
 7.48168164e+08 7.48168264e+08 7.48168364e+08 7.48168464e+08
 7.48168564e+08 7.48168664e+08 7.48168764e+08 7.48168864e+08
 7.48168964e+08 7.48169064e+08 7.48169164e+08 7.48169264e+08
 7.48169364e+08 7.48169464e+08 7.48169564e+08 7.48169664e+08
 7.48169764e+08 7.48169864e+08 7.48169964e+08 7.48170064e+08
 7.48170164e+08 7.48170264e+08 7.48170364e+08 7.48170464e+08
 7.48170564e+08 7.48170664e+08 7.48170764e+08 7.48170864e+08
 7.48170964e+08 7.48171064e+08 7.48171164e+08 7.48171264e+08
 7.48171364e+08 7.48171464e+08 7.48171564e+08 7.48171664e+08
 7.48171764e+08 7.48171864e+08 7.48171964e+08 7.48172064e+08
 7.48172164e+08 7.48172264e+08 7.48172364e+08 7.48172464e+08
 7.48172564e+08 7.48172664e+08 7.48172764e+08 7.48172864e+08
 7.48172964e+08 7.48173064e+08 7.48173164e+08 7.48173264e+08
 7.48173364e+08 7.48173464e+08 7.48173564e+08 7.48173664e+08
 7.48173764e+08 7.48173864e+08 7.48173964e+08 7.48174064e+08
 7.48174164e+08 7.48174264e+08 7.48174364e+08 7.48174464e+08
 7.48174564e+08 7.48174664e+08 7.48174764e+08 7.48174864e+08
 7.48174964e+08 7.48175064e+08 7.48175164e+08 7.48175264e+08
 7.48175364e+08 7.48175464e+08 7.48175564e+08 7.48175664e+08
 7.48175764e+08 7.48175864e+08 7.48175964e+08 7.48176064e+08
 7.48176164e+08 7.48176264e+08 7.48176364e+08 7.48176464e+08
 7.48176564e+08 7.48176664e+08 7.48176764e+08 7.48176864e+08
 7.48176964e+08 7.48177064e+08 7.48177164e+08 7.48177264e+08
 7.48177364e+08 7.48177464e+08 7.48177564e+08 7.48177664e+08
 7.48177764e+08 7.48177864e+08 7.48177964e+08 7.48178064e+08
 7.48178164e+08 7.48178264e+08 7.48178364e+08 7.48178464e+08
 7.48178564e+08 7.48178664e+08 7.48178764e+08 7.48178864e+08
 7.48178964e+08 7.48179064e+08 7.48179164e+08 7.48179264e+08
 7.48179364e+08 7.48179464e+08 7.48179564e+08 7.48179664e+08
 7.48179764e+08 7.48179864e+08 7.48179964e+08 7.48180064e+08
 7.48180164e+08 7.48180264e+08 7.48180364e+08 7.48180464e+08
 7.48180564e+08 7.48180664e+08 7.48180764e+08 7.48180864e+08
 7.48180964e+08 7.48181064e+08 7.48181164e+08 7.48181264e+08
 7.48181364e+08 7.48181464e+08 7.48181564e+08 7.48181664e+08
 7.48181764e+08 7.48181864e+08 7.48181964e+08 7.48182064e+08
 7.48182164e+08 7.48182264e+08 7.48182364e+08 7.48182464e+08
 7.48182564e+08 7.48182664e+08 7.48182764e+08 7.48182864e+08
 7.48182964e+08 7.48183064e+08 7.48183164e+08 7.48183264e+08
 7.48183364e+08 7.48183464e+08 7.48183564e+08 7.48183664e+08
 7.48183764e+08 7.48183864e+08 7.48183964e+08 7.48184064e+08
 7.48184164e+08 7.48184264e+08 7.48184364e+08 7.48184464e+08
 7.48184564e+08 7.48184664e+08 7.48184764e+08 7.48184864e+08
 7.48184964e+08 7.48185064e+08 7.48185164e+08 7.48185264e+08
 7.48185364e+08 7.48185464e+08 7.48185564e+08 7.48185664e+08
 7.48185764e+08 7.48185864e+08 7.48185964e+08 7.48186064e+08
 7.48186164e+08 7.48186264e+08 7.48186364e+08 7.48186464e+08
 7.48186564e+08 7.48186664e+08 7.48186764e+08 7.48186864e+08
 7.48186964e+08 7.48187064e+08 7.48187164e+08 7.48187264e+08
 7.48187364e+08 7.48187464e+08 7.48187564e+08 7.48187664e+08
 7.48187764e+08 7.48187864e+08 7.48187964e+08 7.48188064e+08
 7.48188164e+08 7.48188264e+08 7.48188364e+08 7.48188464e+08
 7.48188564e+08 7.48188664e+08 7.48188764e+08 7.48188864e+08
 7.48188964e+08 7.48189064e+08 7.48189164e+08 7.48189264e+08
 7.48189364e+08 7.48189464e+08 7.48189564e+08 7.48189664e+08
 7.48189764e+08 7.48189864e+08 7.48189964e+08 7.48190064e+08
 7.48190164e+08 7.48190264e+08 7.48190364e+08 7.48190464e+08
 7.48190564e+08 7.48190664e+08 7.48190764e+08 7.48190864e+08
 7.48190964e+08 7.48191064e+08 7.48191164e+08 7.48191264e+08
 7.48191364e+08 7.48191464e+08 7.48191564e+08 7.48191664e+08
 7.48191764e+08 7.48191864e+08 7.48191964e+08 7.48192064e+08
 7.48192164e+08 7.48192264e+08 7.48192364e+08 7.48192464e+08
 7.48192564e+08 7.48192664e+08 7.48192764e+08 7.48192864e+08
 7.48192964e+08 7.48193064e+08 7.48193164e+08 7.48193264e+08
 7.48193364e+08 7.48193464e+08 7.48193564e+08 7.48193664e+08
 7.48193764e+08 7.48193864e+08 7.48193964e+08 7.48194064e+08
 7.48194164e+08 7.48194264e+08 7.48194364e+08 7.48194464e+08
 7.48194564e+08 7.48194664e+08 7.48194764e+08 7.48194864e+08
 7.48194964e+08 7.48195064e+08 7.48195164e+08 7.48195264e+08
 7.48195364e+08 7.48195464e+08 7.48195564e+08 7.48195664e+08
 7.48195764e+08 7.48195864e+08 7.48195964e+08 7.48196064e+08
 7.48196164e+08 7.48196264e+08 7.48196364e+08 7.48196464e+08
 7.48196564e+08 7.48196664e+08 7.48196764e+08 7.48196864e+08
 7.48196964e+08 7.48197064e+08 7.48197164e+08 7.48197264e+08
 7.48197364e+08 7.48197464e+08 7.48197564e+08 7.48197664e+08
 7.48197764e+08 7.48197864e+08 7.48197964e+08 7.48198064e+08
 7.48198164e+08 7.48198264e+08 7.48198364e+08 7.48198464e+08
 7.48198564e+08 7.48198664e+08 7.48198764e+08 7.48198864e+08
 7.48198964e+08 7.48199064e+08 7.48199164e+08 7.48199264e+08
 7.48199364e+08 7.48199464e+08 7.48199564e+08 7.48199664e+08
 7.48199764e+08 7.48199864e+08 7.48199964e+08 7.48200064e+08
 7.48200164e+08 7.48200264e+08 7.48200364e+08 7.48200464e+08
 7.48200564e+08 7.48200664e+08 7.48200764e+08 7.48200864e+08
 7.48200964e+08 7.48201064e+08 7.48201164e+08 7.48201264e+08
 7.48201364e+08 7.48201464e+08 7.48201564e+08 7.48201664e+08
 7.48201764e+08 7.48201864e+08 7.48201964e+08 7.48202064e+08
 7.48202164e+08 7.48202264e+08 7.48202364e+08 7.48202464e+08
 7.48202564e+08 7.48202664e+08 7.48202764e+08 7.48202864e+08
 7.48202964e+08 7.48203064e+08 7.48203164e+08 7.48203264e+08
 7.48203364e+08 7.48203464e+08 7.48203564e+08 7.48203664e+08
 7.48203764e+08 7.48203864e+08 7.48203964e+08 7.48204064e+08
 7.48204164e+08 7.48204264e+08 7.48204364e+08 7.48204464e+08
 7.48204564e+08 7.48204664e+08 7.48204764e+08 7.48204864e+08
 7.48204964e+08 7.48205064e+08 7.48205164e+08 7.48205264e+08
 7.48205364e+08 7.48205464e+08 7.48205564e+08 7.48205664e+08
 7.48205764e+08 7.48205864e+08 7.48205964e+08 7.48206064e+08
 7.48206164e+08 7.48206264e+08 7.48206364e+08 7.48206464e+08
 7.48206564e+08 7.48206664e+08 7.48206764e+08 7.48206864e+08
 7.48206964e+08 7.48207064e+08 7.48207164e+08 7.48207264e+08
 7.48207364e+08 7.48207464e+08 7.48207564e+08 7.48207664e+08
 7.48207764e+08 7.48207864e+08 7.48207964e+08 7.48208064e+08
 7.48208164e+08 7.48208264e+08 7.48208364e+08 7.48208464e+08
 7.48208564e+08 7.48208664e+08 7.48208764e+08 7.48208864e+08
 7.48208964e+08 7.48209064e+08 7.48209164e+08 7.48209264e+08
 7.48209364e+08 7.48209464e+08 7.48209564e+08 7.48209664e+08
 7.48209764e+08 7.48209864e+08 7.48209964e+08 7.48210064e+08
 7.48210164e+08 7.48210264e+08 7.48210364e+08 7.48210464e+08
 7.48210564e+08 7.48210664e+08 7.48210764e+08 7.48210864e+08
 7.48210964e+08 7.48211064e+08 7.48211164e+08 7.48211264e+08
 7.48211364e+08 7.48211464e+08 7.48211564e+08 7.48211664e+08