4.5925217   4.5585027   5.1368203   5.374951    4.0822415   4.422428
   4.3543906   5.0347643   4.7626147   4.5925217   4.8646708   3.810092
   5.613082    6.021306    4.8986897   4.1502786   3.8441105   4.5585027
   4.8986897   4.2523346   4.3543906   4.2863536   4.218316    4.2863536
   6.735698    6.9057918   5.8512125  14.559994   90.523705   96.30688
   5.0347643   6.1913996   4.6605587   7.892333    6.1913996   4.966727
   4.3884096   3.7760732   3.9461665   4.524484    4.2863536   3.7420545
   4.4564466   4.1502786   5.6471004  59.566704  156.0777    140.46312
 148.59358   137.19733    89.469124   55.212315    6.123362    4.014204
   4.524484    4.2523346   4.6605587   4.11626     6.327474   10.171585
 183.83693    26.942793   72.1196     67.969315   87.83623    51.300167
  68.75175    30.37868   133.59135    96.91921     7.279997   13.879621
  14.355882    3.3338304   4.7626147   4.2523346   4.1842976   2.0411208