6.88476712e+08 6.88476812e+08 6.88476912e+08 6.88477012e+08
 6.88477112e+08 6.88477212e+08 6.88477312e+08 6.88477412e+08
 6.88477512e+08 6.88477612e+08 6.88477712e+08 6.88477812e+08
 6.88477912e+08 6.88478012e+08 6.88478112e+08 6.88478212e+08
 6.88478312e+08 6.88478412e+08 6.88478512e+08 6.88478612e+08
 6.88478712e+08 6.88478812e+08 6.88478912e+08 6.88479012e+08
 6.88479112e+08 6.88479212e+08 6.88479312e+08 6.88479412e+08
 6.88479512e+08 6.88479612e+08 6.88479712e+08 6.88479812e+08
 6.88479912e+08 6.88480012e+08 6.88480112e+08 6.88480212e+08
 6.88480312e+08 6.88480412e+08 6.88480512e+08 6.88480612e+08
 6.88480712e+08 6.88480812e+08 6.88480912e+08 6.88481012e+08
 6.88481112e+08 6.88481212e+08 6.88481312e+08 6.88481412e+08
 6.88481512e+08 6.88481612e+08 6.88481712e+08 6.88481812e+08
 6.88481912e+08 6.88482012e+08 6.88482112e+08 6.88482212e+08
 6.88482312e+08 6.88482412e+08 6.88482512e+08 6.88482612e+08
 6.88482712e+08 6.88482812e+08 6.88482912e+08 6.88483012e+08
 6.88483112e+08 6.88483212e+08 6.88483312e+08 6.88483412e+08
 6.88483512e+08 6.88483612e+08 6.88483712e+08 6.88483812e+08
 6.88483912e+08 6.88484012e+08 6.88484112e+08 6.88484212e+08