6.88490074e+08 6.88490424e+08 6.88490774e+08 6.88491124e+08
 6.88491474e+08 6.88491824e+08 6.88492174e+08 6.88492524e+08
 6.88492874e+08 6.88493224e+08 6.88493574e+08 6.88493924e+08
 6.88494274e+08 6.88494624e+08 6.88494974e+08 6.88495324e+08
 6.88495674e+08 6.88496024e+08 6.88496374e+08 6.88496724e+08
 6.88497074e+08 6.88497424e+08 6.88497774e+08 6.88498124e+08
 6.88498474e+08 6.88498824e+08 6.88499174e+08 6.88499524e+08
 6.88499874e+08 6.88500224e+08 6.88500574e+08 6.88500924e+08
 6.88501274e+08 6.88501624e+08 6.88501974e+08 6.88502324e+08
 6.88502674e+08 6.88503024e+08 6.88503374e+08 6.88503724e+08
 6.88504074e+08 6.88504424e+08 6.88504774e+08 6.88505124e+08
 6.88505474e+08 6.88505824e+08 6.88506174e+08 6.88506524e+08
 6.88506874e+08 6.88507224e+08 6.88507574e+08 6.88507924e+08
 6.88508274e+08 6.88508624e+08 6.88508974e+08 6.88509324e+08
 6.88509674e+08 6.88510024e+08 6.88510374e+08 6.88510724e+08
 6.88511074e+08 6.88511424e+08 6.88511774e+08 6.88512124e+08
 6.88512474e+08 6.88512824e+08 6.88513174e+08 6.88513524e+08
 6.88513874e+08 6.88514224e+08 6.88514574e+08 6.88514924e+08
 6.88515274e+08 6.88515624e+08 6.88515974e+08 6.88516324e+08
 6.88516674e+08 6.88517024e+08 6.88517374e+08 6.88517724e+08
 6.88518074e+08 6.88518424e+08 6.88518774e+08 6.88519124e+08
 6.88519474e+08 6.88519824e+08 6.88520174e+08 6.88520524e+08
 6.88520874e+08 6.88521224e+08 6.88521574e+08 6.88521924e+08
 6.88522274e+08 6.88522624e+08 6.88522974e+08 6.88523324e+08
 6.88523674e+08 6.88524024e+08 6.88524374e+08 6.88524724e+08
 6.88525074e+08 6.88525424e+08 6.88525774e+08 6.88526124e+08
 6.88526474e+08 6.88526824e+08 6.88527174e+08 6.88527524e+08
 6.88527874e+08 6.88528224e+08 6.88528574e+08 6.88528924e+08
 6.88529274e+08 6.88529624e+08 6.88529974e+08 6.88530324e+08
 6.88530674e+08 6.88531024e+08 6.88531374e+08 6.88531724e+08
 6.88532074e+08 6.88532424e+08 6.88532774e+08 6.88533124e+08
 6.88533474e+08 6.88533824e+08 6.88534174e+08 6.88534524e+08
 6.88534874e+08 6.88535224e+08 6.88535574e+08 6.88535924e+08
 6.88536274e+08 6.88536624e+08 6.88536974e+08 6.88537324e+08
 6.88537674e+08 6.88538024e+08 6.88538374e+08 6.88538724e+08
 6.88539074e+08 6.88539424e+08 6.88539774e+08 6.88540124e+08
 