259.5113     352.19388    277.5026      94.68163     67.24032
   6.17884      8.9047985   45.069187    68.14897     21.262478
   9.08653     79.77973    190.81712    398.71692     99.04317
 324.3891       7.9961457    6.3605704    6.724032    19.626904
   6.3605704    5.9971094    6.3605704    4.361534     6.724032
   4.361534     4.543265     4.1798034    5.6336484    6.542301
   7.087493     4.1798034    5.6336484    7.2692237    5.6336484
   6.17884      6.905762    19.990364   171.19022    258.78436
  45.432648     6.3605704    5.4519176   23.988438    21.262478
   5.6336484    7.6326847    6.905762     7.2692237    7.087493
   5.270187     5.8153787    7.6326847    6.542301     5.6336484
   4.361534     3.6346118    5.8153787    7.9961457    4.906726
   5.9971094    6.542301   127.7566     276.59396    226.43631
  53.06533     61.061478     6.17884     19.626904   172.46233
 248.9709      58.88071      4.724995     7.450954     4.724995
 196.26903    161.0133     102.49605    129.57391    431.61014
 355.8285     336.9285     177.73251     15.265369   141.56813
 212.62479     75.59992      5.6336484    6.17884      7.2692237
   5.6336484   37.07304      5.270187     7.6326847    9.26826
  47.068222    16.174023     6.3605704   39.253807   223.16516
 108.67489     13.448064     6.542301     6.17884      5.270187
  33.2567       5.9971094   19.263443    34.34708      6.542301
 108.1297     217.53151    286.9526     330.3862     338.20062
 143.2037       4.543265     5.4519176    5.4519176    6.905762
   7.2692237   20.717287     8.177876     8.541338    22.898054
  29.803816     9.44999    123.94026    236.24977    317.8468
 232.43343     12.721141     7.8144155    7.8144155    5.8153787
   7.2692237    3.9980729    9.6317215    7.087493     8.359607
   8.541338     8.359607     8.177876     7.087493     6.905762
